tournament results

{'sizes': [2, 4, 6, 8, 10], 'best_fitness_avg': [2.225, -17.825, -18.875, -20.175, -20.475]}

|    |   sizes |   best_fitness_avg |
|----|---------|--------------------|
|  4 |      10 |            -20.475 |
|  3 |       8 |            -20.175 |
|  2 |       6 |            -18.875 |
|  1 |       4 |            -17.825 |
|  0 |       2 |              2.225 |


tournament results part 2

{'sizes': [7, 8, 9, 10, 11], 'best_fitness_avg': [-19.925, -20.325, -20.675, -20.65, -20.675]}

|    |   sizes |   best_fitness_avg |
|----|---------|--------------------|
|  2 |       9 |            -20.675 |
|  4 |      11 |            -20.675 |
|  3 |      10 |            -20.65  |
|  1 |       8 |            -20.325 |
|  0 |       7 |            -19.925 |


double tournament switch testing results

{'t_size': [2, 2, 2, 2, 2, 2, 2, 2, 2, 2, 2, 2, 4, 4, 4, 4, 4, 4, 4, 4, 4, 4, 4, 4, 6, 6, 6, 6, 6, 6, 6, 6, 6, 6, 6, 6], 'deaths_t_size': [2, 2, 2, 2, 4, 4, 4, 4, 6, 6, 6, 6, 2, 2, 2, 2, 4, 4, 4, 4, 6, 6, 6, 6, 2, 2, 2, 2, 4, 4, 4, 4, 6, 6, 6, 6], 'queens_t_size': [2, 2, 4, 6, 2, 4, 4, 6, 2, 4, 6, 6, 2, 2, 4, 6, 2, 4, 4, 6, 2, 4, 6, 6, 2, 2, 4, 6, 2, 4, 4, 6, 2, 4, 6, 6], 'switch': [True, False, True, True, False, True, False, True, False, False, True, False, True, False, True, True, False, True, False, True, False, False, True, False, True, False, True, True, False, True, False, True, False, False, True, False], 'best_fitness_avg': [908.3333333333334, 81.58333333333333, 906.6666666666666, 908.3333333333334, 523.25, 888.3333333333334, 905.0, 844.1666666666666, 681.8333333333334, 892.5, 633.5833333333334, 923.3333333333334, 906.6666666666666, -14.416666666666666, 892.5, 899.1666666666666, -7.5, 903.3333333333334, 36.833333333333336, 916.6666666666666, -3.1666666666666665, 163.75, 894.1666666666666, 532.8333333333334, 918.3333333333334, -18.916666666666668, 895.0, 909.1666666666666, -17.416666666666668, 916.6666666666666, 4.833333333333333, 904.1666666666666, -17.333333333333332, 14.25, 912.5, 31.25]}

|    |   t_size |   deaths_t_size |   queens_t_size | switch   |   best_fitness_avg |
|----|----------|-----------------|-----------------|----------|--------------------|
| 25 |        6 |               2 |               2 | False    |          -18.9167  |
| 28 |        6 |               4 |               2 | False    |          -17.4167  |
| 32 |        6 |               6 |               2 | False    |          -17.3333  |
| 13 |        4 |               2 |               2 | False    |          -14.4167  |
| 16 |        4 |               4 |               2 | False    |           -7.5     |
| 20 |        4 |               6 |               2 | False    |           -3.16667 |
| 30 |        6 |               4 |               4 | False    |            4.83333 |
| 33 |        6 |               6 |               4 | False    |           14.25    |
| 35 |        6 |               6 |               6 | False    |           31.25    |
| 18 |        4 |               4 |               4 | False    |           36.8333  |
|  1 |        2 |               2 |               2 | False    |           81.5833  |
| 21 |        4 |               6 |               4 | False    |          163.75    |
|  4 |        2 |               4 |               2 | False    |          523.25    |
| 23 |        4 |               6 |               6 | False    |          532.833   |
| 10 |        2 |               6 |               6 | True     |          633.583   |
|  8 |        2 |               6 |               2 | False    |          681.833   |
|  7 |        2 |               4 |               6 | True     |          844.167   |
|  5 |        2 |               4 |               4 | True     |          888.333   |
|  9 |        2 |               6 |               4 | False    |          892.5     |
| 14 |        4 |               2 |               4 | True     |          892.5     |
| 22 |        4 |               6 |               6 | True     |          894.167   |
| 26 |        6 |               2 |               4 | True     |          895       |
| 15 |        4 |               2 |               6 | True     |          899.167   |
| 17 |        4 |               4 |               4 | True     |          903.333   |
| 31 |        6 |               4 |               6 | True     |          904.167   |
|  6 |        2 |               4 |               4 | False    |          905       |
|  2 |        2 |               2 |               4 | True     |          906.667   |
| 12 |        4 |               2 |               2 | True     |          906.667   |
|  3 |        2 |               2 |               6 | True     |          908.333   |
|  0 |        2 |               2 |               2 | True     |          908.333   |
| 27 |        6 |               2 |               6 | True     |          909.167   |
| 34 |        6 |               6 |               6 | True     |          912.5     |
| 29 |        6 |               4 |               4 | True     |          916.667   |
| 19 |        4 |               4 |               6 | True     |          916.667   |
| 24 |        6 |               2 |               2 | True     |          918.333   |
| 11 |        2 |               6 |               6 | False    |          923.333   |


double tournament grid testing results

{'t_size': [2, 2, 2, 2, 2, 2, 2, 2, 2, 2, 2, 2, 2, 2, 2, 4, 4, 4, 4, 4, 4, 4, 4, 4, 4, 4, 4, 4, 4, 4, 6, 6, 6, 6, 6, 6, 6, 6, 6, 6, 6, 6, 6, 6, 6, 8, 8, 8, 8, 8, 8, 8, 8, 8, 8, 8, 8, 8, 8, 8, 10, 10, 10, 10, 10, 10, 10, 10, 10, 10, 10, 10, 10, 10, 10], 'deaths_t_size': [2, 4, 4, 6, 6, 6, 8, 8, 8, 8, 10, 10, 10, 10, 10, 2, 4, 4, 6, 6, 6, 8, 8, 8, 8, 10, 10, 10, 10, 10, 2, 4, 4, 6, 6, 6, 8, 8, 8, 8, 10, 10, 10, 10, 10, 2, 4, 4, 6, 6, 6, 8, 8, 8, 8, 10, 10, 10, 10, 10, 2, 4, 4, 6, 6, 6, 8, 8, 8, 8, 10, 10, 10, 10, 10], 'queens_t_size': [2, 2, 4, 2, 4, 6, 2, 4, 6, 8, 2, 4, 6, 8, 10, 2, 2, 4, 2, 4, 6, 2, 4, 6, 8, 2, 4, 6, 8, 10, 2, 2, 4, 2, 4, 6, 2, 4, 6, 8, 2, 4, 6, 8, 10, 2, 2, 4, 2, 4, 6, 2, 4, 6, 8, 2, 4, 6, 8, 10, 2, 2, 4, 2, 4, 6, 2, 4, 6, 8, 2, 4, 6, 8, 10], 'switch': [False, False, False, False, False, False, False, False, False, False, False, False, False, False, False, False, False, False, False, False, False, False, False, False, False, False, False, False, False, False, False, False, False, False, False, False, False, False, False, False, False, False, False, False, False, False, False, False, False, False, False, False, False, False, False, False, False, False, False, False, False, False, False, False, False, False, False, False, False, False, False, False, False, False, False], 'best_fitness_avg': [37.416666666666664, 506.1666666666667, 903.3333333333334, 689.1666666666666, 896.6666666666666, 915.0, 718.5, 913.3333333333334, 912.5, 905.0, 770.0, 907.5, 918.3333333333334, 920.8333333333334, 912.5, -16.083333333333332, -5.0, 49.5, -2.75, 118.75, 544.8333333333334, 0.0, 274.1666666666667, 702.5, 772.75, 5.5, 381.25, 705.8333333333334, 831.6666666666666, 879.1666666666666, -18.666666666666668, -17.666666666666668, 3.8333333333333335, -16.5, 14.75, 27.666666666666668, -16.5, 18.5, 33.666666666666664, 85.16666666666667, -17.75, 18.833333333333332, 37.083333333333336, 136.41666666666666, 369.0833333333333, -18.333333333333332, -19.5, -12.083333333333334, -19.833333333333332, -1.4166666666666667, 12.916666666666666, -19.5, 0.08333333333333333, 16.75, 24.666666666666668, -18.666666666666668, 5.583333333333333, 21.833333333333332, 28.083333333333332, 33.416666666666664, -19.583333333333332, -19.75, -16.25, -20.833333333333332, -13.583333333333334, -1.5, -19.916666666666668, -8.166666666666666, 5.916666666666667, 12.916666666666666, -19.833333333333332, -3.6666666666666665, 8.75, 15.333333333333334, 21.416666666666668]}

|    |   t_size |   deaths_t_size |   queens_t_size | switch   |   best_fitness_avg |
|----|----------|-----------------|-----------------|----------|--------------------|
| 63 |       10 |               6 |               2 | False    |        -20.8333    |
| 66 |       10 |               8 |               2 | False    |        -19.9167    |
| 70 |       10 |              10 |               2 | False    |        -19.8333    |
| 48 |        8 |               6 |               2 | False    |        -19.8333    |
| 61 |       10 |               4 |               2 | False    |        -19.75      |
| 60 |       10 |               2 |               2 | False    |        -19.5833    |
| 46 |        8 |               4 |               2 | False    |        -19.5       |
| 51 |        8 |               8 |               2 | False    |        -19.5       |
| 30 |        6 |               2 |               2 | False    |        -18.6667    |
| 55 |        8 |              10 |               2 | False    |        -18.6667    |
| 45 |        8 |               2 |               2 | False    |        -18.3333    |
| 40 |        6 |              10 |               2 | False    |        -17.75      |
| 31 |        6 |               4 |               2 | False    |        -17.6667    |
| 36 |        6 |               8 |               2 | False    |        -16.5       |
| 33 |        6 |               6 |               2 | False    |        -16.5       |
| 62 |       10 |               4 |               4 | False    |        -16.25      |
| 15 |        4 |               2 |               2 | False    |        -16.0833    |
| 64 |       10 |               6 |               4 | False    |        -13.5833    |
| 47 |        8 |               4 |               4 | False    |        -12.0833    |
| 67 |       10 |               8 |               4 | False    |         -8.16667   |
| 16 |        4 |               4 |               2 | False    |         -5         |
| 71 |       10 |              10 |               4 | False    |         -3.66667   |
| 18 |        4 |               6 |               2 | False    |         -2.75      |
| 65 |       10 |               6 |               6 | False    |         -1.5       |
| 49 |        8 |               6 |               4 | False    |         -1.41667   |
| 21 |        4 |               8 |               2 | False    |          0         |
| 52 |        8 |               8 |               4 | False    |          0.0833333 |
| 32 |        6 |               4 |               4 | False    |          3.83333   |
| 25 |        4 |              10 |               2 | False    |          5.5       |
| 56 |        8 |              10 |               4 | False    |          5.58333   |
| 68 |       10 |               8 |               6 | False    |          5.91667   |
| 72 |       10 |              10 |               6 | False    |          8.75      |
| 69 |       10 |               8 |               8 | False    |         12.9167    |
| 50 |        8 |               6 |               6 | False    |         12.9167    |
| 34 |        6 |               6 |               4 | False    |         14.75      |
| 73 |       10 |              10 |               8 | False    |         15.3333    |
| 53 |        8 |               8 |               6 | False    |         16.75      |
| 37 |        6 |               8 |               4 | False    |         18.5       |
| 41 |        6 |              10 |               4 | False    |         18.8333    |
| 74 |       10 |              10 |              10 | False    |         21.4167    |
| 57 |        8 |              10 |               6 | False    |         21.8333    |
| 54 |        8 |               8 |               8 | False    |         24.6667    |
| 35 |        6 |               6 |               6 | False    |         27.6667    |
| 58 |        8 |              10 |               8 | False    |         28.0833    |
| 59 |        8 |              10 |              10 | False    |         33.4167    |
| 38 |        6 |               8 |               6 | False    |         33.6667    |
| 42 |        6 |              10 |               6 | False    |         37.0833    |
|  0 |        2 |               2 |               2 | False    |         37.4167    |
| 17 |        4 |               4 |               4 | False    |         49.5       |
| 39 |        6 |               8 |               8 | False    |         85.1667    |
| 19 |        4 |               6 |               4 | False    |        118.75      |
| 43 |        6 |              10 |               8 | False    |        136.417     |
| 22 |        4 |               8 |               4 | False    |        274.167     |
| 44 |        6 |              10 |              10 | False    |        369.083     |
| 26 |        4 |              10 |               4 | False    |        381.25      |
|  1 |        2 |               4 |               2 | False    |        506.167     |
| 20 |        4 |               6 |               6 | False    |        544.833     |
|  3 |        2 |               6 |               2 | False    |        689.167     |
| 23 |        4 |               8 |               6 | False    |        702.5       |
| 27 |        4 |              10 |               6 | False    |        705.833     |
|  6 |        2 |               8 |               2 | False    |        718.5       |
| 10 |        2 |              10 |               2 | False    |        770         |
| 24 |        4 |               8 |               8 | False    |        772.75      |
| 28 |        4 |              10 |               8 | False    |        831.667     |
| 29 |        4 |              10 |              10 | False    |        879.167     |
|  4 |        2 |               6 |               4 | False    |        896.667     |
|  2 |        2 |               4 |               4 | False    |        903.333     |
|  9 |        2 |               8 |               8 | False    |        905         |
| 11 |        2 |              10 |               4 | False    |        907.5       |
|  8 |        2 |               8 |               6 | False    |        912.5       |
| 14 |        2 |              10 |              10 | False    |        912.5       |
|  7 |        2 |               8 |               4 | False    |        913.333     |
|  5 |        2 |               6 |               6 | False    |        915         |
| 12 |        2 |              10 |               6 | False    |        918.333     |
| 13 |        2 |              10 |               8 | False    |        920.833     |


